Score,P1 Odds,P2 Odds
-,6.00,1.11
